T020051401

313166
771765
314896
314908
314909
314912
314916
314922
314957
314971
315013
315020
315037
315038
315039
315041
315367
315369
315835
316011
316013
316014
316015
316067
316372
316431
316433
316555
316809
317185
317190
317413
318204
318789
318836
318847
318919
319625
319993
562068
562099
562349
562717
562961
563047
563192
563207
563328
563338
563720
566750
566949
567122
567124
568765
569626
569753
569757
569759
569769
569771
573931
575468
575894
576722
576732
576737
576774
576789
576796
576997
577069
577070
577071
577133
577329
577371
577443
577476
577498
577548
577556
577583
577649
577650
577678
577701
577746
880515
3100026
3100056
3100083
3100085
3100118
3100125
3100127
3100128
3100130
3100134
3100136
3100137
3100139
3100141
3100142
3100143
3100144
3100145
3100149
3100150
3100151
3100153
3100157
3100164
3100166
3100172
3100174
3100175
3100177
3100215